-4456165.00;  -3009665.00;  -4142825.00;  -3020871.00;  -2934449.00;  -3184295.00;  -1883025.00;  -1860665.00;  -3849188.00;  -3888344.00;  -3226098.00;  -5793151.00;  -4208161.00;  -4019853.00;  -1115570.00;  -1874398.00;  -1014489.00;  95487.00;  -296138.00;  29704.00;   
-4456210.00;  -1.00;  -4141636.00;  -3020059.00;  -2932027.00;  -3183417.00;  -1882174.00;  -1862618.00;  -3848492.00;  -3888096.00;  -3145729.00;  -5787358.00;  -4204545.00;  -4016496.00;  -1114936.00;  -1873525.00;  -1013430.00;  96807.00;  -295423.00;  29451.00;   
-4453617.00;  -3009414.00;  -4142334.00;  -3018219.00;  -2932247.00;  -3181982.00;  -1882802.00;  -1861693.00;  -3847384.00;  -3885694.00;  -3225244.00;  -5781444.00;  -4204358.00;  -4013104.00;  -1113560.00;  -1871811.00;  -1013636.00;  98389.00;  -295518.00;  32115.00;   
-4451761.00;  -3008287.00;  -4140107.00;  -3018377.00;  -2932110.00;  -3181035.00;  -1882163.00;  -1858759.00;  -3845727.00;  -3885175.00;  -3223544.00;  -5775965.00;  -4201671.00;  -4009483.00;  -1113394.00;  -1872609.00;  -1012495.00;  98011.00;  -294987.00;  32099.00;   
-4448982.00;  -3007565.00;  -4063233.00;  -3018120.00;  -2930699.00;  -3180935.00;  -1880609.00;  -1861776.00;  -3841640.00;  -3881985.00;  -3224029.00;  -5769458.00;  -4200328.00;  -4007465.00;  -1113069.00;  -1870580.00;  -1011069.00;  100056.00;  -296199.00;  33640.00;   
-4449709.00;  -3006033.00;  -4138165.00;  -3017670.00;  -2929833.00;  -3178848.00;  -1881061.00;  -1859928.00;  -3839245.00;  -3882744.00;  -3220863.00;  -5763130.00;  -4199943.00;  -4004683.00;  -1112477.00;  -1869798.00;  -1011665.00;  131071.00;  -295041.00;  33420.00;   
-4447170.00;  -2621441.00;  -4137816.00;  -3016862.00;  -2924545.00;  -3179915.00;  -1880175.00;  -1858485.00;  -3836735.00;  -3881219.00;  -3221824.00;  -5757543.00;  -4196353.00;  -4002380.00;  -1112412.00;  -1868293.00;  -1009795.00;  101027.00;  -294639.00;  65535.00;   
-4446539.00;  -3005872.00;  -4137426.00;  -3017473.00;  -2928277.00;  -3180207.00;  -1.00;  -1858996.00;  -3835589.00;  -3880520.00;  -3220805.00;  -5636097.00;  -4197172.00;  -3999867.00;  -1110817.00;  -1866124.00;  -1009955.00;  102708.00;  -295159.00;  34664.00;   
-4445032.00;  -3005319.00;  -4136504.00;  -3016510.00;  -2927147.00;  -3178999.00;  -1880747.00;  -1857683.00;  -3831853.00;  -3878010.00;  -3219286.00;  -5748470.00;  -4195513.00;  -3997148.00;  -1110996.00;  -1866070.00;  -1009061.00;  102347.00;  -294757.00;  35352.00;   
-4444701.00;  -3004424.00;  -4135747.00;  -3017094.00;  -2925252.00;  -3177190.00;  -1880655.00;  -1857503.00;  -3827897.00;  -3877811.00;  -3219944.00;  -5742975.00;  -4194750.00;  -3995259.00;  -1109867.00;  -1863946.00;  -1008898.00;  104207.00;  -295235.00;  35326.00;   

