-1284422.00;  -1055448.00;  -772398.00;  -928541.00;  -1126167.00;  -1179363.00;  -799832.00;  -775795.00;  -1992189.00;  -2384453.00;  -1612053.00;  -2870244.00;  -1448960.00;  -1321377.00;  -441213.00;  -472669.00;  -114359.00;  1018562.00;  172148.00;  472968.00;  
-1282334.00;  -1052432.00;  -772215.00;  -926041.00;  -1122045.00;  -1175356.00;  -795428.00;  -1.00;  -1985595.00;  -2377338.00;  -1607961.00;  -2860582.00;  -1441317.00;  -1314473.00;  -437599.00;  -469081.00;  -110779.00;  1023104.00;  174266.00;  475606.00;  
-1278635.00;  -1049070.00;  -770522.00;  -924345.00;  -1119078.00;  -1172532.00;  -791524.00;  -768512.00;  -1978863.00;  -2371309.00;  -1.00;  -2850305.00;  -1436929.00;  -1310067.00;  -435668.00;  -262145.00;  -108082.00;  1024595.00;  175933.00;  478701.00;  
-1273018.00;  -1046672.00;  -769725.00;  -923041.00;  -1115351.00;  -1169382.00;  -789534.00;  -763703.00;  -1971439.00;  -2365528.00;  -1.00;  -2841473.00;  -1376257.00;  -1303826.00;  -434092.00;  -459758.00;  -105150.00;  1027640.00;  177509.00;  479639.00;  
-1271269.00;  -1041722.00;  -767650.00;  -920321.00;  -1112176.00;  -1165942.00;  -785769.00;  -759836.00;  -1962705.00;  -2358527.00;  -1598269.00;  -2832467.00;  -1428636.00;  -1299463.00;  -431559.00;  -457957.00;  -102065.00;  1030134.00;  179083.00;  480664.00;  
-1266857.00;  -1038706.00;  -766371.00;  -918100.00;  -1107514.00;  -1162345.00;  -782395.00;  -754931.00;  -1954857.00;  -2350895.00;  -1595100.00;  -2824907.00;  -1422018.00;  -1294337.00;  -430664.00;  -454428.00;  -100439.00;  1033943.00;  179813.00;  482230.00;  
-1264072.00;  -1015809.00;  -763429.00;  -916637.00;  -1104973.00;  -1159149.00;  -781450.00;  -752426.00;  -1947271.00;  -2343941.00;  -1590595.00;  -2817793.00;  -1417863.00;  -1285784.00;  -426613.00;  -450347.00;  -97820.00;  1036187.00;  180471.00;  483618.00;  
-1260137.00;  -1033041.00;  -761577.00;  -915220.00;  -1100022.00;  -1154886.00;  -778126.00;  -749441.00;  -1942710.00;  -2097153.00;  -1587780.00;  -2809277.00;  -1412538.00;  -1280749.00;  -425643.00;  -447819.00;  -95038.00;  1037645.00;  182785.00;  524287.00;  
-1256726.00;  -1029163.00;  -766497.00;  -913388.00;  -1097102.00;  -1152904.00;  -775752.00;  -746370.00;  -1934480.00;  -2335426.00;  -1585420.00;  -2801537.00;  -1408325.00;  -1278037.00;  -423421.00;  -445045.00;  -92993.00;  1040223.00;  183017.00;  486714.00;  
-1253443.00;  -1031257.00;  -759925.00;  -913844.00;  -1093143.00;  -1151634.00;  -773703.00;  -742718.00;  -1929680.00;  -2330964.00;  -1585655.00;  -2794396.00;  -1403314.00;  -1273656.00;  -422838.00;  -444500.00;  -91372.00;  1038469.00;  183759.00;  488812.00;  

