309949.00;  7194.00;  404999.00;  -283924.00;  -40049.00;  -24261.00;  20004.00;  92530.00;  -274813.00;  -775066.00;  -203643.00;  -225866.00;  839854.00;  714652.00;  252318.00;  901411.00;  810343.00;  1946157.00;  547075.00;  920027.00;  
309489.00;  8021.00;  524287.00;  -281249.00;  -40464.00;  -25514.00;  20448.00;  91109.00;  -273823.00;  -774715.00;  -203265.00;  -196609.00;  843839.00;  716369.00;  253309.00;  901974.00;  809298.00;  1945791.00;  545764.00;  920338.00;  
307163.00;  7691.00;  404991.00;  -281433.00;  -40737.00;  -26333.00;  21690.00;  91601.00;  -272765.00;  -772726.00;  -205203.00;  -210945.00;  841979.00;  715382.00;  254498.00;  901119.00;  809783.00;  1945750.00;  546250.00;  918457.00;  
306874.00;  4194303.00;  404709.00;  -280321.00;  -44223.00;  -28609.00;  20643.00;  91524.00;  -274208.00;  -1.00;  -205399.00;  -206076.00;  840437.00;  717105.00;  253962.00;  899962.00;  808498.00;  1943882.00;  546406.00;  918432.00;  
4194303.00;  4931.00;  458751.00;  -281665.00;  -43967.00;  -28970.00;  19900.00;  90169.00;  -274669.00;  -773872.00;  -205007.00;  -202052.00;  838678.00;  717791.00;  253279.00;  900075.00;  805960.00;  1943047.00;  545469.00;  917027.00;  
327679.00;  2609.00;  409599.00;  -281611.00;  -47672.00;  -32989.00;  17574.00;  87766.00;  -276628.00;  -773731.00;  -207105.00;  -197364.00;  838563.00;  717869.00;  252284.00;  899330.00;  805118.00;  1941754.00;  544629.00;  914792.00;  
297150.00;  -575.00;  396977.00;  -281354.00;  -50426.00;  -35534.00;  524287.00;  85775.00;  -277577.00;  -773649.00;  -207702.00;  -193849.00;  835294.00;  719077.00;  251856.00;  896902.00;  804021.00;  1940894.00;  544699.00;  1048575.00;  
-1.00;  235.00;  393215.00;  -282498.00;  -51013.00;  -39491.00;  16347.00;  85777.00;  -278954.00;  -772536.00;  -207809.00;  -187821.00;  835799.00;  720324.00;  249079.00;  894995.00;  803512.00;  1940856.00;  542551.00;  913525.00;  
292319.00;  -594.00;  389487.00;  -282648.00;  -52999.00;  -39768.00;  16513.00;  82710.00;  -279911.00;  -771026.00;  -209604.00;  -182450.00;  838252.00;  723692.00;  250779.00;  895522.00;  802737.00;  1941127.00;  542623.00;  913144.00;  
290029.00;  -1152.00;  389119.00;  -283040.00;  -53167.00;  -41459.00;  16199.00;  83051.00;  -279508.00;  -770408.00;  -205765.00;  -175105.00;  839725.00;  728949.00;  251383.00;  901119.00;  804309.00;  1941598.00;  542642.00;  912622.00;  
289711.00;  -563.00;  387965.00;  -283703.00;  -52756.00;  -41437.00;  15845.00;  84766.00;  -280765.00;  -766753.00;  -206545.00;  -1.00;  840657.00;  732259.00;  252654.00;  897765.00;  805623.00;  1941935.00;  543714.00;  914391.00;  
289157.00;  -1039.00;  388178.00;  -282188.00;  -53205.00;  -39817.00;  15306.00;  83927.00;  -281417.00;  -766521.00;  -204827.00;  -164330.00;  841594.00;  733533.00;  253101.00;  900049.00;  806880.00;  1943818.00;  544767.00;  914753.00;  

