3561878.00;  1916597.00;  3531803.00;  1363460.00;  1957183.00;  2031615.00;  1343661.00;  1509046.00;  2222037.00;  1349678.00;  1663700.00;  3219029.00;  3888411.00;  3705817.00;  1155071.00;  2731375.00;  2057499.00;  3174184.00;  1102118.00;  1523973.00;   
3570154.00;  1918910.00;  3542382.00;  1366879.00;  1962563.00;  2012480.00;  1349575.00;  1513280.00;  2228962.00;  1355054.00;  1670222.00;  3230051.00;  3897781.00;  3715790.00;  1152548.00;  2736428.00;  2060767.00;  3177215.00;  1102681.00;  1525206.00;   
3578065.00;  1922361.00;  3552313.00;  1371291.00;  1967547.00;  2018493.00;  1353215.00;  1517478.00;  2236510.00;  1363492.00;  1676663.00;  3244733.00;  3907984.00;  3729205.00;  1156876.00;  2742203.00;  2063990.00;  3179993.00;  1104410.00;  1528102.00;   
3590907.00;  1929295.00;  3558507.00;  1379626.00;  1974198.00;  2026391.00;  1358551.00;  1518841.00;  2244522.00;  1370843.00;  1684609.00;  3262278.00;  3918586.00;  3738893.00;  1158923.00;  2748100.00;  2070022.00;  3184559.00;  1106943.00;  1572863.00;   
3598236.00;  1935186.00;  3568290.00;  1386620.00;  1979403.00;  2031655.00;  1361143.00;  1524749.00;  2293759.00;  1378164.00;  2097151.00;  3276388.00;  3929639.00;  3751602.00;  1162020.00;  2754480.00;  2073390.00;  3188681.00;  1107587.00;  1532511.00;   
3605495.00;  1942632.00;  3577362.00;  1389791.00;  1985631.00;  2035825.00;  1364701.00;  1528833.00;  2261199.00;  1387010.00;  1696766.00;  3290746.00;  3937744.00;  3764959.00;  1164874.00;  2758824.00;  2077183.00;  3193756.00;  1109428.00;  1533572.00;   
3611680.00;  1947313.00;  3585036.00;  1395705.00;  1990679.00;  2040943.00;  1368590.00;  1529780.00;  2271026.00;  1391281.00;  4194303.00;  3303697.00;  3947243.00;  3774283.00;  1168148.00;  2763916.00;  2079322.00;  3197041.00;  1109974.00;  1536647.00;   
3626794.00;  1952454.00;  3592475.00;  1402254.00;  1995243.00;  2046182.00;  1369519.00;  1531687.00;  2276103.00;  1397875.00;  1710048.00;  3320462.00;  3956083.00;  3784707.00;  1170496.00;  2768241.00;  2082815.00;  3203071.00;  1114111.00;  1538690.00;   
3634657.00;  1966032.00;  3598675.00;  1407264.00;  2001439.00;  2052411.00;  4194303.00;  1534009.00;  2281187.00;  1402226.00;  1715938.00;  3333349.00;  3970064.00;  3796272.00;  1172408.00;  2773176.00;  2084918.00;  3203267.00;  1113267.00;  1539537.00;   

