5774595.00;  3811382.00;  6488311.00;  3742731.00;  3987428.00;  3449408.00;  2772854.00;  2179936.00;  5224588.00;  5296626.00;  3840725.00;  7303035.00;  5540530.00;  4901873.00;  1048575.00;  1721240.00;  554367.00;  1786216.00;  329387.00;  703583.00;  
5778859.00;  3814246.00;  6491504.00;  3745280.00;  3991856.00;  3452851.00;  2773766.00;  2179167.00;  5225564.00;  5302260.00;  3842413.00;  7299976.00;  5545426.00;  4903433.00;  615793.00;  1720993.00;  553649.00;  1787774.00;  329529.00;  703043.00;  
5781583.00;  3816021.00;  6493069.00;  3748034.00;  3994293.00;  3454448.00;  2778028.00;  2180251.00;  5226816.00;  5306169.00;  3843618.00;  7304336.00;  5552652.00;  4908786.00;  618274.00;  1722562.00;  553916.00;  1787672.00;  330355.00;  703603.00;  
5787335.00;  3818938.00;  6497567.00;  3750017.00;  3995875.00;  3456631.00;  2779903.00;  2184042.00;  5228689.00;  5309614.00;  3843861.00;  7303719.00;  5553829.00;  4910885.00;  616726.00;  1723644.00;  554882.00;  1788332.00;  329742.00;  703637.00;  
5788699.00;  3820547.00;  6501812.00;  3753639.00;  3997103.00;  3538943.00;  2780680.00;  2228223.00;  5230731.00;  5311223.00;  3850239.00;  7307334.00;  5556315.00;  4914148.00;  616721.00;  1726542.00;  554284.00;  1787887.00;  329899.00;  702899.00;  
5793196.00;  3821625.00;  6505589.00;  3756002.00;  3999265.00;  3458998.00;  2781951.00;  3145727.00;  5233118.00;  5314354.00;  3846143.00;  7304606.00;  5559512.00;  4917050.00;  618824.00;  1726242.00;  556728.00;  1788592.00;  330070.00;  703299.00;  
5799448.00;  3825002.00;  6507678.00;  3757951.00;  4001979.00;  3473407.00;  2783487.00;  2228223.00;  5233040.00;  5318153.00;  3850476.00;  7310955.00;  5559457.00;  4918453.00;  620008.00;  1728869.00;  556366.00;  1790385.00;  330005.00;  703779.00;  
5804683.00;  3830059.00;  6513815.00;  3762393.00;  4006982.00;  8388607.00;  2788527.00;  2190792.00;  5234255.00;  5322860.00;  3866623.00;  7308341.00;  5563145.00;  4922785.00;  619009.00;  1729949.00;  555011.00;  1790640.00;  331793.00;  703748.00;  
5807037.00;  3831410.00;  6515071.00;  3764319.00;  4008672.00;  3670015.00;  2790896.00;  2192934.00;  5235107.00;  5328741.00;  3858431.00;  7313924.00;  5565050.00;  4926819.00;  619019.00;  1732337.00;  556749.00;  1790239.00;  329700.00;  704239.00;  
5809441.00;  3834369.00;  6520391.00;  3766880.00;  4010600.00;  3670015.00;  2793546.00;  3145727.00;  5236469.00;  5332876.00;  3858431.00;  7313350.00;  5566985.00;  4931786.00;  620023.00;  1733930.00;  557151.00;  1788937.00;  330115.00;  702898.00;  
5812610.00;  3838593.00;  6523181.00;  3769100.00;  4012751.00;  4194303.00;  2793215.00;  2228223.00;  5241310.00;  5338222.00;  3854335.00;  7319726.00;  5568689.00;  4936965.00;  620056.00;  1733812.00;  556530.00;  1789669.00;  331120.00;  702365.00;  
5818147.00;  3841835.00;  6526146.00;  3771677.00;  4014211.00;  3670015.00;  2795651.00;  2228223.00;  5245378.00;  5347384.00;  3856856.00;  7322176.00;  5572568.00;  4939348.00;  620123.00;  1735813.00;  557264.00;  1791827.00;  330740.00;  4194303.00;  

