6798126.00;  4259690.00;  6819116.00;  3732541.00;  4130147.00;  4217538.00;  2863359.00;  2856824.00;  5086164.00;  4095823.00;  4071390.00;  7454719.00;  7239972.00;  6766624.00;  1726741.00;  3817454.00;  2609124.00;  3750766.00;  1407123.00;  1806172.00;  
6802373.00;  4262412.00;  6819364.00;  3733529.00;  4135474.00;  4222057.00;  2864523.00;  2856247.00;  5082840.00;  4091775.00;  4071669.00;  8388607.00;  7247533.00;  6772422.00;  1730775.00;  3825872.00;  2615460.00;  3758429.00;  1409253.00;  1811243.00;  
6806250.00;  4266433.00;  6820508.00;  3737677.00;  4136971.00;  4225419.00;  4194303.00;  2858814.00;  5080897.00;  4089800.00;  4075642.00;  7449471.00;  7255263.00;  6777193.00;  1735177.00;  3842047.00;  2624563.00;  3765898.00;  1413599.00;  1814406.00;  
6810685.00;  4269951.00;  6823940.00;  3737762.00;  4137424.00;  4227250.00;  2866888.00;  2860680.00;  5075962.00;  8388607.00;  4075436.00;  7448915.00;  7260272.00;  6779770.00;  1739056.00;  3843911.00;  2632037.00;  3772566.00;  1417515.00;  1816749.00;  
6814107.00;  4271943.00;  6827462.00;  3739424.00;  4137763.00;  4230870.00;  2867527.00;  2863279.00;  5077685.00;  -1.00;  4076038.00;  7449523.00;  7268085.00;  6785353.00;  1743790.00;  3852387.00;  2641468.00;  3778719.00;  1422713.00;  1819243.00;  
6820221.00;  4274583.00;  6828608.00;  3741468.00;  4138194.00;  4233894.00;  2870271.00;  2865760.00;  5077728.00;  4083414.00;  4078133.00;  7449522.00;  7275450.00;  6791687.00;  1746619.00;  3860272.00;  2648183.00;  3786596.00;  1426975.00;  1823248.00;  
6823399.00;  4275604.00;  6833037.00;  3743648.00;  4140253.00;  4239026.00;  2867967.00;  2866161.00;  5076417.00;  4084304.00;  4080308.00;  7451567.00;  7283337.00;  6793120.00;  1751367.00;  3870413.00;  2654868.00;  3793687.00;  1429609.00;  1826867.00;  
6827906.00;  4276642.00;  6835989.00;  3745051.00;  4141952.00;  4241053.00;  2869557.00;  2866965.00;  5075661.00;  4082303.00;  4081280.00;  7471103.00;  7288498.00;  6798915.00;  1755442.00;  3876882.00;  2663462.00;  3800961.00;  1433201.00;  1830535.00;  
6832261.00;  4279040.00;  6839233.00;  3746698.00;  4142862.00;  4245496.00;  2870884.00;  2872384.00;  5073131.00;  4077264.00;  4081544.00;  7450503.00;  7295552.00;  6802499.00;  1759343.00;  3886210.00;  2671204.00;  3809450.00;  1437172.00;  1833360.00;  

